[  0,  10, 405, 189,  86,  32, 249, 237, 401, 380,  93,  96, 308,
       367, 354, 102, 289, 340, 275,  22, 278, 316, 298, 250, 103, 120,
       225, 305, 264, 255, 180,  64, 408, 186, 183, 150,  76, 286, 432,
       409,  47, 143, 216,  95, 134, 307,  15, 290, 260, 136, 246, 214,
       100, 166, 413,  58, 384, 388, 386,  81, 178, 361, 416, 280,  98,
       147,  89, 196, 212, 224,  73, 221,  13, 364, 292, 179, 126, 199,
        80, 393, 391, 110, 259, 121, 343, 244, 232,   7,  66,  44,   9,
       149, 148, 132, 251, 376, 313, 374, 368, 412, 203,  79, 210, 118,
       213, 294,   4,   1, 125,  52, 399, 320, 142,  97, 122, 222, 141,
       397, 355, 115,  34, 288, 226, 403, 365, 359, 197,  92,  74, 228,
       268, 234, 327, 310,  17, 124, 239,   8,  83, 315, 346, 318, 271,
       209, 116, 211,  48, 415, 193, 379, 363, 205, 395, 431,  87,  28,
       356,  40, 245, 366, 282, 106, 167,  61,  16, 235, 101, 284, 247,
       202, 176, 394,  20, 430, 418, 358, 190, 104, 333, 339, 423, 175,
       321, 123, 417, 390, 325, 238, 345,  62, 326, 263, 231, 127,  54,
       291, 241, 270,   6,  65, 256, 334, 227, 342, 283, 272, 410, 383,
       217,  77, 287, 146, 352, 119, 144, 382, 261, 301, 242, 262, 169,
       266, 293, 353, 420, 111, 130, 411, 427, 392, 152, 151,  85, 306,
       194,  91, 406, 389, 381, 433, 428, 426, 400, 117,   5, 303, 279,
       277, 360, 168, 173, 218, 344, 113, 324, 206, 177, 198, 139, 441,
       437, 436, 434, 414,  26, 329, 215, 331, 200, 158, 105, 357, 258,
       191, 223, 338, 295, 219, 133,  42, 187, 309, 257, 155, 108, 349,
       332, 208, 229,  70,  31, 396, 336,  60, 422, 129,  88, 160,  84,
        55, 163, 153, 188, 440, 371, 109, 107, 159,  72,  18,  29, 281,
       269,  11, 370, 154, 297, 192,  46, 230, 240, 195, 182,  37, 184,
       254, 253, 207, 174,  14,  56, 362,  45,  69, 135,  12,  41,  63,
       425, 424, 350, 252, 404, 311, 323, 128, 140, 387,  90,  36, 372,
       337, 429,  35,  75, 156, 347, 248, 236, 377, 319, 220, 204,  67,
       267, 369, 317,  51, 296, 273, 402, 162,  94,  39, 407,  68,  50,
       385, 201, 285,  57, 161, 138, 439,  38, 421, 438,  53,  27, 165,
       419, 302, 170, 112,  49, 312, 181, 172, 171, 341, 114, 299, 330,
       314,  71, 300,  24,  43,  99,  59, 435, 157,  23, 274, 373, 137,
        78, 328, 351,  82, 145, 398,   2, 375, 304, 131, 335,  21, 185,
       378, 164,   3, 276,  19, 322, 243, 233, 442, 265,  25, 348,  30,
        33,   0]